
0.0864861011505127 403 1
1.172353982925415 401 0
2.259749412536621 412 4
3.345275402069092 422 4
4.43029260635376 429 11
5.515235185623169 433 3
6.600108623504639 439 5
7.684980869293213 450 7
8.771618366241455 452 12
9.856460809707642 450 11
10.941343784332275 442 8
12.026440620422363 447 8
13.111194849014282 443 9
14.196557521820068 440 7
15.281548976898193 441 16
16.36658477783203 436 12
17.451528549194336 436 12
18.536478757858276 448 18
19.621540307998657 433 10
20.706521034240723 439 15
21.791810989379883 440 5
22.876678943634033 429 6
23.961576461791992 445 16
25.046538591384888 431 10
26.131399393081665 429 6
27.21635890007019 417 10
28.301205158233643 418 15
29.386054515838623 407 9
30.47097396850586 402 4
31.556763172149658 402 6
32.64203953742981 405 7
33.72702884674072 400 4
34.81184482574463 403 4
35.89669990539551 402 2
36.98180532455444 402 7
38.06669497489929 412 2
39.15151238441467 445 9
40.23651194572449 452 7
41.32157039642334 453 10
42.406492471694946 456 7
43.49141335487366 448 4
44.5765163898468 466 15
45.66143226623535 478 19
46.74643278121948 478 20
47.83126521110535 470 12
48.91625714302063 475 21
50.00153112411499 473 10
51.08648347854614 473 10
52.1713490486145 468 11
53.2563636302948 460 12
54.341249227523804 461 13
55.42677855491638 451 16
56.511669635772705 458 16
57.596811056137085 482 18
58.681666135787964 506 23
59.76663255691528 545 22
60.852160692214966 562 27
61.937023878097534 578 23
63.021915674209595 555 19
64.10681486129761 532 19
65.19173383712769 491 23
66.27723217010498 446 9
67.36208319664001 431 16
68.44697523117065 407 13
69.53184247016907 400 14
70.61686539649963 400 10
71.70254731178284 401 6
72.78740215301514 401 4
73.87231802940369 409 5
74.95723462104797 406 2
76.04207491874695 404 0
77.12766551971436 406 3
78.21253705024719 400 1
79.29744029045105 400 3
80.38255333900452 406 2
81.46746945381165 408 8
82.5523533821106 404 0
83.63719177246094 412 12
84.72203469276428 400 8
85.80693531036377 408 11
86.89178609848022 404 3
87.97701787948608 400 2
89.06194519996643 410 3
90.14688086509705 404 2
91.2317521572113 405 8
92.31656074523926 409 5
93.40147995948792 403 1
94.48653388023376 411 7
95.57175517082214 400 5
96.65670537948608 404 5
97.7415452003479 404 6
98.82661008834839 413 3
99.91140604019165 404 1
100.99669051170349 412 5
102.08161926269531 409 3
103.16649770736694 413 7
104.25156307220459 412 13
105.33641839027405 411 7
106.42183017730713 414 12
107.5067412853241 410 6
108.59159469604492 400 8
109.67639422416687 415 8
110.76135039329529 404 11
111.84701251983643 415 3
112.93187022209167 407 6
114.01668381690979 400 6
115.10150599479675 402 0
116.18651175498962 417 6
117.27172040939331 410 6
118.35656261444092 411 15
119.44141268730164 412 4
120.5264995098114 422 12
121.6113543510437 412 2
122.69770932197571 415 7
123.78270030021667 412 0
124.86750507354736 412 7
125.95237946510315 416 4
127.03731489181519 409 10
128.122633934021 406 8
129.2075171470642 401 4
130.29238176345825 405 3
131.37734985351562 400 4
132.46245956420898 404 5
133.54845428466797 405 8
134.63332986831665 402 2
135.71840906143188 406 3
136.8032422065735 400 0
137.88825869560242 412 11
138.9732449054718 416 15
140.0582354068756 409 10
141.14307808876038 416 9
142.22789430618286 406 14
143.31270265579224 402 10
144.397540807724 400 5
145.48260831832886 402 4
146.5675950050354 407 9
147.65249848365784 409 9
148.73743748664856 409 0
149.8224172592163 412 10
150.90472555160522 420 8
151.99227905273438 416 8
153.07720065116882 411 6
154.16201758384705 407 8
155.24711418151855 406 6
156.33196187019348 404 8
157.41735100746155 409 8
158.50255370140076 400 10
159.58798003196716 402 9
160.67281889915466 409 3
161.75772428512573 418 7
162.8432936668396 412 5
163.9281303882599 407 0
165.01303815841675 410 3
166.09789776802063 405 5
167.1827552318573 406 7
168.26831769943237 412 9
169.353098154068 419 10
170.4378604888916 417 12
171.52289605140686 419 11
172.60784697532654 413 12
173.69349765777588 413 5
174.7784297466278 415 7
175.86331820487976 421 13
176.9482262134552 423 13
178.03317618370056 418 20
179.1187903881073 410 6
180.20366668701172 403 5
181.28852915763855 405 6
182.37343978881836 402 10
183.4584550857544 411 9
184.54342436790466 406 11
185.62825441360474 400 5
186.7131667137146 403 9
187.79802322387695 405 6
188.88288021087646 407 5
189.96799659729004 402 3
191.05313348770142 402 4
192.13818192481995 408 5
193.22311115264893 411 7
194.307963848114 407 7
195.39277696609497 401 3
196.4777011871338 409 6
197.56272268295288 400 5
198.64754509925842 412 9
199.73242211341858 400 3
200.81721019744873 403 5
201.902081489563 412 5
202.98741221427917 417 6
204.07234573364258 400 2
205.15714764595032 416 11
206.24220633506775 408 5
207.32710886001587 409 7
208.41243529319763 401 4
209.49739813804626 404 11
210.58252906799316 400 2
211.66741585731506 401 4
212.7523033618927 401 9
213.83798384666443 404 4
214.92288184165955 401 1
216.00779032707214 408 2
217.09263229370117 405 6
218.17743253707886 409 5
219.26302123069763 418 8
220.3478138446808 407 6
221.43269085884094 412 6
222.51763367652893 405 3
223.60250544548035 402 7
224.68787741661072 407 7
225.77278304100037 417 13
226.85757756233215 403 11
227.9424798488617 400 2
229.02726221084595 411 7
230.11243963241577 406 0
231.1974275112152 405 3
232.28244376182556 406 7
233.36738109588623 410 1
234.45225310325623 412 7
235.5375053882599 406 6
236.62249326705933 412 3
237.70735549926758 405 7
238.7922773361206 403 6
239.87708163261414 402 2
240.9620282649994 408 7
242.04689049720764 400 1
243.13173007965088 412 2
244.21651411056519 409 8
245.30139899253845 407 0
246.38636708259583 406 4
247.4712791442871 410 1
248.55632257461548 411 5
249.64154028892517 406 6
250.72651290893555 406 9
251.81127214431763 401 3
252.89620757102966 400 0
253.98138236999512 405 3
255.06641030311584 405 6
256.15118765830994 408 7
257.23625683784485 411 4
258.3211131095886 405 9
259.4065611362457 412 5
260.4914264678955 403 6
261.5765347480774 404 3
262.66148591041565 408 7
263.7466344833374 409 14
264.8321497440338 413 0
265.91694045066833 403 10
267.0018165111542 410 3
268.0866618156433 400 3
269.17148065567017 403 6
270.2568118572235 404 6
271.3415997028351 412 8
272.42647647857666 409 14
273.5114073753357 406 8
274.59626936912537 405 6
275.6818017959595 400 0
276.76680970191956 407 8
277.8515737056732 409 12
278.9363942146301 411 8
280.02120208740234 401 0
281.10645389556885 403 6
282.1913411617279 407 4
283.2762303352356 402 6
284.3611035346985 413 7
285.4458668231964 411 9
286.53099846839905 414 9
287.6158444881439 413 1
288.70076751708984 404 2
289.78559398651123 417 7
290.8705053329468 409 4
291.95531964302063 410 3
293.04025959968567 414 12
294.12504291534424 406 7
295.21001863479614 400 0
296.2948634624481 400 9
297.3796968460083 404 7
298.464586019516 410 7
299.5496745109558 408 10
300.63459610939026 406 3
301.71941447257996 405 5
302.8042731285095 403 4
303.8894011974335 404 7
304.97479915618896 404 7
306.0597743988037 411 10
307.14458084106445 401 5
308.2295491695404 412 10
309.3144302368164 407 9
310.3996229171753 400 0
311.4844880104065 401 6
312.5695118904114 400 6
313.6544141769409 400 2
314.7393021583557 405 3
315.8258926868439 401 2
316.9107847213745 400 3
317.9955794811249 400 7
319.08039450645447 400 2
320.16521978378296 404 2
321.25070548057556 408 5
322.3355333805084 404 8
323.42029213905334 400 2
324.50526189804077 400 6