
0.08624768257141113 405 6
1.1720948219299316 410 6
2.2591450214385986 402 2
3.34409236907959 402 6
4.429156064987183 409 7
5.514474153518677 402 6
6.599360227584839 409 6
7.684365272521973 407 7
8.769372463226318 401 1
9.854344367980957 404 11
10.940148830413818 405 8
12.025208234786987 424 18
13.110146760940552 415 14
14.194983005523682 435 22
15.279925107955933 447 25
16.36516523361206 478 32
17.45000195503235 494 35
18.534884929656982 504 46
19.61983823776245 496 41
20.704942226409912 488 41
21.79099464416504 491 43
22.875950574874878 486 43
23.960914611816406 480 45
25.04573941230774 482 51
26.130674123764038 465 41
27.215750694274902 478 42
28.30088472366333 483 47
29.385825634002686 482 39
30.470757246017456 475 46
31.55556607246399 482 46
32.64051365852356 488 44
33.726431131362915 473 42
34.812060594558716 469 45
35.897218465805054 461 39
36.98216438293457 464 42
38.067028522491455 453 36
39.15204620361328 451 38
40.23700451850891 452 43
41.32183623313904 448 37
42.40684485435486 452 41
43.49181914329529 450 37
44.577253103256226 435 33
45.662105083465576 448 35
46.74699926376343 436 36
47.83195447921753 440 33
48.91708970069885 437 31
50.002413511276245 442 39
51.087339639663696 436 36
52.172242879867554 435 32
53.25728750228882 427 32
54.34217834472656 434 40
55.42785048484802 421 27
56.51287055015564 424 29
57.59774661064148 431 28
58.6828932762146 422 30
59.76783609390259 425 32
60.85348606109619 426 33
61.93845081329346 422 31
63.02330541610718 412 31
64.10820937156677 412 29
65.1932144165039 417 25
66.27874636650085 412 31
67.36368036270142 412 32
68.44865798950195 408 28
69.53361201286316 418 26
70.61874651908875 415 30
71.70394515991211 403 27
72.78896880149841 409 29
73.87382984161377 403 17
74.95873212814331 400 24
76.04352402687073 403 21
77.12880373001099 407 30
78.21373105049133 405 22
79.29868817329407 400 22
80.38368201255798 408 23
81.46888017654419 411 26
82.55371737480164 412 24
83.63868045806885 403 22
84.72354364395142 405 22
85.80907320976257 414 22
86.89402747154236 425 32
87.97886443138123 412 19
89.06387400627136 412 28
90.14908266067505 420 27
91.23403024673462 416 25
92.31886887550354 421 25
93.40386009216309 416 28
94.48890352249146 409 20
95.57412934303284 412 20
96.65907025337219 418 27
97.74392580986023 420 21
98.82886505126953 414 29
99.9137327671051 412 27
100.99932074546814 420 21
102.08426785469055 415 26
103.16925144195557 413 23
104.25411438941956 413 27
105.33898878097534 422 34
106.4246084690094 406 29
107.50957989692688 402 30
108.59442400932312 409 26
109.67937517166138 408 26
110.76435899734497 409 27
111.84973049163818 412 24
112.93468880653381 407 22
114.01958465576172 409 20
115.10443639755249 410 24
116.18942451477051 401 24
117.27487993240356 404 24
118.35986685752869 407 29
119.44484543800354 403 29
120.52971267700195 401 25
121.61467552185059 406 28
122.69995069503784 407 22
123.78505277633667 408 23
124.86991000175476 406 18
125.95490145683289 406 26
127.03981256484985 410 28
128.12500381469727 409 27
129.2099208831787 403 19
130.2947974205017 402 25
131.37961149215698 411 27
132.46466040611267 409 23
133.54954767227173 414 21
134.63444900512695 413 21
135.71933770179749 414 23
136.8041970729828 413 26
137.8891577720642 412 26
138.97400784492493 412 26
140.05892062187195 411 27
141.1440556049347 406 20
142.2289297580719 400 18
143.31381058692932 400 19
144.39873456954956 404 23
145.48358941078186 405 19
146.56884384155273 415 20
147.65380597114563 415 25
148.7387547492981 417 25
149.82403755187988 415 26
150.90910935401917 421 28
151.99459171295166 412 28
153.07936668395996 418 30
154.164244890213 406 22
155.24912786483765 404 14
156.3339488506317 408 20
157.4195191860199 411 23
158.50438261032104 423 28
159.5893270969391 406 24
160.67427897453308 405 24
161.75918912887573 414 23
162.8449409008026 412 23
163.92985701560974 417 25
165.0147624015808 416 27
166.09980964660645 415 26
167.1849935054779 409 23
168.2703652381897 423 27
169.35520267486572 422 22
170.44017553329468 419 26
171.52504420280457 423 23
172.60989427566528 427 27
173.69547200202942 428 30
174.78031587600708 426 27
175.86526584625244 432 26
176.9501929283142 422 26
178.03510069847107 428 24
179.12002825737 426 29
180.20495653152466 420 26
181.28977990150452 408 29
182.37466502189636 407 22
183.45953679084778 419 23
184.54446649551392 410 26
185.62960577011108 403 21
186.71469640731812 405 26
187.79992127418518 410 29
188.88492345809937 406 30
189.96982789039612 407 30
191.05468034744263 409 32
192.1397566795349 400 26
193.2248125076294 400 25
194.30963706970215 415 30
195.39454317092896 407 20
196.47931838035583 409 21
197.56550097465515 412 23
198.650404214859 404 17
199.73550987243652 408 19
200.82078170776367 414 25
201.90589118003845 411 26
202.9913992881775 411 21
204.07626748085022 422 26
205.1612913608551 412 24
206.24604558944702 408 19
207.33105087280273 402 23
208.41646599769592 402 20
209.5014190673828 400 19
210.58627080917358 400 16
211.67114233970642 407 23
212.7560908794403 402 14
213.84161472320557 412 20
214.92648887634277 405 19
216.01155161857605 408 12
217.09637212753296 401 14
218.1814422607422 400 12
219.26710414886475 407 13
220.35192131996155 407 15
221.4369180202484 410 17
222.52191019058228 412 10
223.60694122314453 411 8
224.69230818748474 403 7
225.77725625038147 412 11
226.8621106147766 407 13
227.94698452949524 409 16
229.03195786476135 403 11
230.1169593334198 414 12
231.20186161994934 408 9
232.28675413131714 407 7
233.3716597557068 422 16
234.45664596557617 419 12
235.54148364067078 421 19
236.62632966041565 419 11
237.71116709709167 416 16
238.79604697227478 427 13
239.88090991973877 420 15
240.96588253974915 419 13
242.05070042610168 408 14
243.13582944869995 416 10
244.22086215019226 411 8
245.30574560165405 409 12
246.39073300361633 421 12
247.47554898262024 423 11
248.5607283115387 411 3
249.64579367637634 422 13
250.7307047843933 425 15
251.81558895111084 418 14
252.90053510665894 415 17
253.98593473434448 406 11
255.07075262069702 415 13
256.15572595596313 416 13
257.24066710472107 400 9
258.3255751132965 408 6
259.41124534606934 407 8
260.4960653781891 411 10
261.58098244667053 404 10
262.66589188575745 400 0
263.75069212913513 411 8
264.83615350723267 404 14
265.921058177948 407 11
267.0058832168579 401 7
268.09077167510986 408 8
269.1757366657257 403 8
270.2614040374756 403 13
271.34617853164673 402 11
272.4310450553894 407 8
273.5159184932709 409 12
274.60089015960693 403 8
275.6861047744751 408 10
276.7709746360779 401 8
277.8559105396271 402 5
278.9408736228943 400 8
280.0257089138031 408 12
281.1106925010681 408 14
282.19559264183044 410 11
283.28036284446716 405 14
284.36531138420105 415 12
285.4501442909241 409 8
286.53495359420776 401 12
287.6198251247406 404 8
288.70494771003723 404 7
289.79018473625183 406 7
290.87497210502625 400 10
291.95998668670654 400 6
293.0449278354645 403 0
294.1299295425415 411 7
295.2148268222809 406 6
296.29965257644653 408 5
297.3845725059509 407 5
298.4694585800171 409 4
299.5548141002655 408 6
300.6397330760956 405 7
301.72469115257263 400 7
302.80970644950867 401 6
303.89474844932556 403 8
304.9801661968231 400 3
306.0652344226837 402 6
307.1501407623291 402 8
308.23497200012207 400 4
309.3198330402374 401 4
310.4054424762726 401 6
311.49030900001526 410 6
312.57514929771423 400 6
313.66012144088745 400 3
314.7449655532837 400 0
315.83061957359314 400 5
316.91557002067566 400 4
318.0004527568817 400 6
319.0853223800659 400 8
320.1702263355255 407 4
321.25580978393555 413 10
322.3408875465393 411 11
323.4257278442383 402 7
324.5106508731842 400 5