
0.0863640308380127 405 2
1.1723148822784424 401 8
2.25886869430542 401 4
3.3450868129730225 404 5
4.429992198944092 403 0
5.515035152435303 401 5
6.599950551986694 408 4
7.685017347335815 410 5
8.770447492599487 409 0
9.855397701263428 402 4
10.940210342407227 400 0
12.025216341018677 406 10
13.110124111175537 420 6
14.197322607040405 408 5
15.282264471054077 414 13
16.367145538330078 400 6
17.451958656311035 400 5
18.53690195083618 410 2
19.62199354171753 411 8
20.707014799118042 407 4
21.79197907447815 407 2
22.876868724822998 403 5
23.961703300476074 405 8
25.047478675842285 408 13
26.1322922706604 405 9
27.217086791992188 402 2
28.30198860168457 411 10
29.38705086708069 404 5
30.4720139503479 412 8
31.557010889053345 413 6
32.64198017120361 415 3
33.726908445358276 412 8
34.81183362007141 409 4
35.896817207336426 402 6
36.981656074523926 407 10
38.0666389465332 403 7
39.15160393714905 400 6
40.23647451400757 406 1
41.321255922317505 403 8
42.40641498565674 406 2
43.49136567115784 400 0
44.576706647872925 402 4
45.661733627319336 404 8
46.74660038948059 404 0
47.831549406051636 400 2
48.91645336151123 407 6
50.00169658660889 406 5
51.08654832839966 404 1
52.171401500701904 412 4
53.25619840621948 412 10
54.34105634689331 401 0
55.42695951461792 400 0
56.51179599761963 405 5
57.59727740287781 400 1
58.68259406089783 407 11
59.76748752593994 400 5
60.853121757507324 407 8
61.93796253204346 412 9
63.0230073928833 412 10
64.10784387588501 412 12
65.19286131858826 409 10
66.27851510047913 400 11
67.36357712745667 412 11
68.44838690757751 400 0
69.53332734107971 417 15
70.61814022064209 405 11
71.70348501205444 410 12
72.7883689403534 419 20
73.87318563461304 407 6
74.95803737640381 410 11
76.04313611984253 406 18
77.1283495426178 411 12
78.2132294178009 403 14
79.29813361167908 414 15
80.38304471969604 404 15
81.4678726196289 409 14
82.55293035507202 410 16
83.63786816596985 400 8
84.72287201881409 420 17
85.80781555175781 409 9
86.89279460906982 407 11
87.97758746147156 410 13
89.06257319450378 407 10
90.14757370948792 410 12
91.23250031471252 406 13
92.31738829612732 418 16
93.40227723121643 417 15
94.48725438117981 414 13
95.57247376441956 410 14
96.65736317634583 410 10
97.74214625358582 414 17
98.82717108726501 407 11
99.91203117370605 404 14
100.99757695198059 400 8
102.08247780799866 408 18
103.16738772392273 400 12
104.25225329399109 400 8
105.33712363243103 403 8
106.42266798019409 414 18
107.50755572319031 410 13
108.59244561195374 400 10
109.67726922035217 408 11
110.76215767860413 409 10
111.84786581993103 417 13
112.93280982971191 411 15
114.01764941215515 407 6
115.10256457328796 412 14
116.18748426437378 410 16
117.2730450630188 411 15
118.35796356201172 413 20
119.44298887252808 411 16
120.52791810035706 414 18
121.61288070678711 410 10
122.69817972183228 414 15
123.783207654953 424 10
124.86809706687927 412 14
125.95295190811157 421 16
127.03792214393616 411 13
128.12297677993774 413 17
129.20783114433289 416 12
130.29284381866455 413 18
131.3776981830597 418 19
132.4626636505127 402 11
133.54762959480286 415 14
134.6324360370636 403 14
135.71729922294617 414 14
136.80219388008118 416 13
137.8871467113495 416 20
138.97199511528015 413 13
140.05700874328613 427 16
141.14212799072266 412 18
142.22708177566528 418 20
143.3119626045227 416 19
144.3968677520752 412 13
145.48172545433044 410 22
146.56772899627686 411 18
147.6527349948883 408 19
148.7378602027893 409 15
149.82283401489258 405 15
150.9077112674713 400 16
151.99402809143066 405 18
153.07902455329895 403 18
154.1639153957367 406 20
155.24887204170227 400 16
156.33371448516846 413 20
157.41932654380798 403 17
158.50423741340637 404 10
159.58915305137634 407 11
160.67418265342712 404 10
161.75912237167358 409 18
162.84513354301453 411 13
163.93001198768616 402 7
165.01500821113586 405 14
166.10005903244019 407 16
167.18494510650635 406 16
168.27030873298645 411 16
169.3551800251007 400 12
170.43995428085327 403 9
171.52489304542542 403 11
172.60970306396484 416 19
173.69567155838013 404 15
174.78063559532166 401 14
175.86556768417358 406 13
176.9504292011261 405 16
178.03540873527527 404 14
179.12028694152832 403 8
180.2051613330841 400 12
181.28993320465088 410 13
182.37496280670166 403 9
183.45981454849243 400 9
184.5449423789978 406 14
185.63000559806824 400 2
186.71500444412231 406 9
187.79986333847046 400 2
188.88485860824585 400 5
189.96969747543335 409 13
191.05457282066345 400 1
192.1394236087799 409 5
193.22423934936523 410 2
194.30928540229797 405 5
195.39412808418274 412 11
196.4790415763855 401 6
197.56436324119568 400 3
198.64926505088806 400 2
199.73405051231384 405 1
200.81906700134277 408 2
201.90386772155762 411 5
202.98913645744324 406 4
204.07401752471924 407 8
205.15899682044983 412 5
206.24384665489197 404 3
207.32880973815918 408 9
208.41459918022156 401 3
209.49958610534668 405 9
210.5844075679779 408 18
211.66933822631836 401 4
212.75414633750916 408 7
213.8395390510559 406 5
214.9243402481079 400 0
216.00915503501892 400 3
217.0942075252533 412 6
218.17907524108887 412 11
219.2645561695099 402 5
220.34940266609192 404 8
221.43420124053955 400 4
222.51905965805054 400 7
223.6039628982544 413 13
224.68918323516846 405 8
225.77404379844666 411 9
226.859717130661 417 11
227.94455695152283 406 10
229.02938675880432 410 7
230.1145007610321 414 11
231.19949078559875 400 8
232.2842993736267 406 6
233.3691849708557 400 5
234.45406365394592 408 3
235.5391492843628 402 4
236.6246440410614 400 5
237.70968556404114 418 14
238.79467749595642 409 7
239.87957048416138 400 1
240.9644410610199 404 1
242.0494122505188 406 3
243.13430094718933 415 8
244.21913027763367 414 7
245.3039677143097 408 9
246.3888235092163 408 2
247.47355961799622 403 9
248.55906581878662 402 7
249.64402985572815 402 11
250.7289216518402 407 3
251.81396174430847 400 4
252.89901280403137 408 6
253.9843282699585 405 9
255.06924271583557 410 4
256.15409231185913 403 2
257.2390215396881 402 5
258.32383823394775 414 10
259.40961480140686 406 7
260.4944462776184 414 10
261.57934165000916 405 3
262.66430926322937 405 9
263.7494149208069 402 10
264.83487939834595 412 5
265.9197406768799 411 9
267.0045301914215 413 12
268.08945751190186 412 12
269.1744108200073 411 14
270.2600862979889 404 12
271.34498023986816 407 14
272.4297308921814 405 12
273.5145184993744 410 6
274.5995445251465 400 6
275.6848442554474 408 2
276.76974511146545 405 8
277.85456109046936 402 8
278.93964529037476 400 3
280.0244641304016 408 9
281.10951256752014 414 13
282.194287776947 411 10
283.27918672561646 404 5
284.36403465270996 400 7
285.44889092445374 406 9
286.5338804721832 413 8
287.6188585758209 411 7
288.7038223743439 414 11
289.7886230945587 412 9
290.87344098091125 405 14
291.9583158493042 408 12
293.04324078559875 401 6
294.12821555137634 401 7
295.21318888664246 400 8
296.2980954647064 406 6
297.38304567337036 406 12
298.46790313720703 412 8
299.55329394340515 410 3
300.6382405757904 405 2
301.7231225967407 408 3
302.8080940246582 410 3
303.89295387268066 412 8
304.97845554351807 418 5
306.06345891952515 417 8
307.1482560634613 414 8
308.23304319381714 414 13
309.31795597076416 418 8
310.4034655094147 409 9
311.4883189201355 411 1
312.57321429252625 406 7
313.6580767631531 409 1
314.7430167198181 409 8
315.82860136032104 409 5
316.91346764564514 404 3
317.99862360954285 400 7
319.08368587493896 409 11
320.1685702800751 409 4
321.2540271282196 411 7
322.33904576301575 400 6
323.4238097667694 400 4
324.50880670547485 400 0